0 2 0 1
1 3 4
2 7 5 6 8
3 12 14 10 11 9 13
4 9 15
5 16 20 23 21 22 19 17 18
6 24 25 26
7 29 28 27 19 17
8 31 30 32 13
9 13 9
10 34 33
11 35 39 43 5 37 38 44 40 41 45 36 42
12 47 46
13 48 49
14 13 14 50 11
15 55 56 57 52 53 51 54
16 58 59
17 9 11 37 12
18 27 31 60
19 62 61
20 63 27 9 64
21 65 66 67
22 25 69 21 68 27 18
23 21 70 25
24 72 71
25 74 73
26 13 11 9
27 75 76
28 77 78
29 71 79 72
30 25 80
31 30 83 81 9 86 13 84 85 14 82
32 9 87
33 89 21 25 90 69 88
34 90 91 92 69 21 25
35 95 94 93 102 99 96 98 97 100 101
36 105 103 104
37 106 13
38 107 77 108
39 31 15 110 109 111
40 112 113
41 114 106
42 29 82
43 93 115
44 116 117
45 19 118
46 119 12
47 27 120 121
48 125 123 126 122 107 9 11 124
49 129 130 128 131 27 127
50 132 133
51 132 133
52 135 134 136
53 137 19 20
54 138 140 139
55 11 9 141
56 142 27
57 11 130 27 143
58 107 25 144 90 145
59 146 27 11
60 147 148
61 153 151 152 150 149
62 154 156 107 145 155
63 157 159 162 161 158 160
64 163 27 164 165
65 10 27
66 108 166
67 166 169 168 167
68 170 4 171
69 31 122 173 172 27 174 11 103 23
70 176 175
71 177 120
72 178 179
73 184 181 185 180 182 183
74 186 25
75 187 188
76 143 27
77 13 116
78 13 106
79 190 189
80 155 107 145 154 191
81 192 130
82 193 11
83 194 9
84 9 13 11 17
85 12 11 9 13
86 155 154
87 195 191
88 13 9 83 11 10 196
89 197 11 9
90 204 7 203 198 199 200 201 202
91 205 3
92 207 27 206
93 83 9 107 11
94 27 208 31
95 29 209
96 142 210
97 13 11 189 196
98 27 103
99 211 11 118 30
100 9 10 212 11
101 5 214 215 213 216
102 11 9
103 219 220 217 218
104 221 222 27
105 224 223
106 71 79
107 225 228 226 227 7
108 27 13 229 11
109 13 230 222
110 231 222 122 221 11
111 221 13 222 232
112 27 229
113 13 233
114 235 126 107 234
115 194 13 193
116 237 236
117 239 238
118 241 240 27
119 27 242
120 11 243 244 9
121 11 243
122 245 246
123 253 43 250 248 247 44 251 249 233 252
124 254 9
125 27 255
126 256 117
127 9 257 12
128 27 229 258
129 259 27
130 260 261
131 262 261
132 265 30 267 11 211 264 266 263
133 269 268 12 122
134 192 9 229 173 272 271 270 31 43 209 130 30 11
135 17 273
136 274 275
137 276 93 19 277 198
138 12 278 279 212 9
139 281 9 280
140 157 158
141 157 160
142 282 157
143 11 9 268 160 157
144 283 157
145 157 160
146 284 158 157 160
147 285 286 157
148 158 11 157 9
149 157 288 160 287
150 159 288 160 157
151 289 157
152 82 29
153 82 290
154 296 298 293 292 274 199 297 294 291 268 198 43 226 295
155 43 199 7 299 200 198
156 301 300
157 302 143 27
158 305 122 303 11 9 306 268 304
159 304 122 11 305 268 306 303 9
160 196 13 307
161 13 50
162 13 308 142 310 309 311
163 9 312
164 10 27
165 76 315 313 314
166 209 176
167 13 198
168 316 317
169 11 9
170 11 12 9
171 27 318 130 194
172 11 325 327 322 330 329 328 320 319 176 323 321 324 326 116
173 332 331
174 333 116
175 209 176 27 302
176 335 334 107
177 209 302 176 27
178 198 7 268
179 336 337
180 246 27 338
181 236 339
182 340 272
183 341 342 343
184 343 341
185 341 343
186 27 344 345
187 341 343
188 30 346 9
189 313 9 27
190 300 67
191 103 11 348 347
192 138 27 30
193 350 349 107
194 178 344
195 352 351
196 9 30 143 315
197 27 143
198 10 353
199 11 12 212 9
200 18 173 69 11 31 354
201 290 355
202 356 355
203 357 7 27 31
204 30 358
205 360 359
206 11 315 362 9 12 122 361 363
207 11 27 9 30
208 365 364
209 366 29
210 19 367
211 369 368 370 297 43
212 372 117 371
213 13 116
214 13 196
215 373 309
216 4 27
217 263 374 11
218 29 295
219 199 7 198
220 27 143
221 376 375
222 377 27
223 75 151 379 378
224 75 151 378
225 209 380 27 357
226 128 130 27
227 11 116 13
228 256 13
229 116 13
230 118 368
231 11 212 9 12
232 381 29
233 385 382 383 384
234 30 10 27 11 229 146 9 302
235 13 116
236 246 386 387
237 389 390 388 316
238 143 391 392 27
239 13 11 9
240 13 107 30 393
241 27 344 108
242 108 107
243 398 399 394 395 396 397 400 378 151 379
244 83 13
245 11 9 122 10
246 401 107 312
247 404 173 13 403 405 194 402
248 229 272
249 407 406 408
250 31 208 27
251 409 25
252 196 117 14 13 11 116 50
253 309 269 85 13 10
254 229 410 30 9 411 412
255 374 413 406 407
256 27 11
257 27 11
258 357 27
259 357 27
260 27 414 9
261 21 415
262 416 13
263 417 151 378
264 27 10
265 401 312 107
266 9 418
267 422 379 423 110 424 118 419 421 420
268 27 11 9
269 130 27
270 9 229 11 87 122
271 107 18
272 143 27 119
273 425 4
274 357 27
275 426 27
276 13 116
277 427 23
278 27 428
279 429 344 27 338 430
280 27 431
281 30 27
282 432 433
283 12 437 447 189 446 444 441 439 438 442 440 435 443 436 434 448 9 37 119 445
284 312 295 194
285 30 27 10
286 9 27
287 12 449 11
288 263 11
289 9 12 11 450
290 452 451
291 300 453
292 455 456 454
293 116 457 371
294 13 458
295 127 31 208 27
296 27 17
297 459 460
298 4 27
299 10 222
300 393 9
301 430 31 344 461 27 126 173
302 462 4 171 316
303 9 11 309 13
304 463 27
305 295 19 30
306 465 464 255
307 77 107
308 466 467
309 13 9
310 27 468 338 13 118 173 344 309 122 9 469 87
311 27 470 9
312 471 199 30 211 472 473 200 198 43 7 11
313 27 474
314 27 475
315 146 272
316 357 344 27
317 263 11
318 476 13
319 263 9
320 316 229 477 142
321 478 13 196 371 116 264
322 157 289 480 479 27 11 35 172 146 242
323 481 85
324 81 348 482
325 350 126
326 350 126
327 9 116
328 482 30 484 483
329 229 9 27
330 486 246 485 7 27 333 234 122 28 299 387 309 255 211
331 29 297
332 263 13 116
333 27 18
334 30 142 27
335 487 144 490 489 107 493 492 491 488 21 228
336 302 27
337 107 13 9
338 494 495
339 496 234
340 116 13 497
341 9 83 212 498 11 12 122
342 344 357 27
343 13 9 11
344 499 500 349 107 350
345 13 501
346 4 229 263 425
347 193 194
348 502 193 194 9
349 27 18 503
350 263 12
351 504 13
352 505 507 506
353 27 508 509
354 510 9
355 511 371
356 27 13 514 513 512
357 9 11 197 116 27
358 515 516
359 193 116
360 9 229 11
361 143 27
362 9 229 402
363 9 11 122 173 212 27 73 12
364 10 430
365 27 9
366 212 10
367 9 27
368 27 209
369 11 517
370 17 518 28
371 419 240
372 27 519 430
373 520 347 143 357 521 27
374 523 522
375 524 499
376 531 263 527 13 526 11 10 142 530 525 529 9 528
377 344 27 428
378 9 30 263
379 27 229
380 532 12 11
381 27 533
382 534 43 535 263 532
383 356 536
384 324 119 263 27 11
385 9 117 450 116 13
386 269 9 263 122 11 13 212 10
387 196 537
388 27 9
389 17 539 450 518 538 28
390 540 350 126 9 541 263 349 28
391 516 347
392 124 11
393 27 146
394 542 544 543
395 386 316 4 545 171
396 11 512
397 546 142 117
398 526 386 309 547 246
399 173 548 300 549 23 550
400 27 11 10
401 515 516
402 27 229 316
403 13 11
404 27 9 30 13 11 10
405 402 552 551
406 27 270
407 349 107
408 10 353
409 194 13
410 553 208 27
411 27 11 117 116 263
412 27 554
413 554 555 27
414 27 11
415 9 27
416 27 357 450 347 518 556
417 556 263
418 19 402 9
419 9 11
420 371 13
421 27 557 302 13 9 211 463
422 198 7 200 199 43
423 9 142
424 116 13 117
425 27 558
426 9 11
427 3 559
428 309 13
429 116 13
430 27 560
431 561 196 269
432 30 11 116
433 193 11
434 213 297 29
435 263 27
436 27 4
437 229 460 27 562 316 563 514
438 564 29
439 302 143 27 430 431 428 344 565 13
440 567 566 130 460 27 344
441 263 11 13
442 419 90 144 21 490 570 573 571 572 568 489 569 191 25 487 118 107 145
443 315 117 13 116 497
444 198 203 43 369
445 9 465
446 9 122 27
447 297 29
448 10 30 9 13
449 347 431 43 27
450 9 29
451 85 10 30
452 574 119
453 9 27 4
454 229 297
455 255 30 142
456 263 107 9
457 4 27
458 9 83 13 11 122 575
459 11 13
460 37 9 13
461 519 576 229 143 308 27
462 229 9 29
463 519 27
464 87 13 117
465 9 29 297 11
466 29 87 27
467 577 297
468 142 27 302
469 29 116 579 580 13 578
470 541 43
471 582 584 581 583
472 304 297 442 9 229 14 17 590 361 198 363 10 592 116 306 29 587 585 244 305 588 589 87 269 591 12 498 586 279 130 593 196 13 30
473 594 595
474 9 402 463
475 13 596 309
476 9 11 309 13
477 463 9 597
478 29 11
479 598 569 25 21 90
480 9 30 11 13
481 309 13 43 9
482 130 599
483 9 11
484 518 600 27 344 43 263
485 208 27 31
486 601 30 602 142 13 246 9 27 302 344
487 143 246 9
488 603 27 604
489 11 263
490 430 244 605 347
491 11 21
492 13 30 11 27 9
493 431 27
494 11 27 9
495 229 12 606 11
496 607 27
497 608 609
498 27 11 128
499 144 107
500 196 13
501 503 27
502 27 610 347 173
503 107 155
504 31 208 27
505 532 9
506 430 27
507 229 11 611 518 19
508 27 612
509 335 9 613 11 532
510 27 344
511 198 518 197 450 605 229 17 562 7
512 27 315 502
513 85 30 11
514 614 615 77 107 335
515 338 9 347
516 27 9
517 11 9 27 523
518 30 616
519 618 617 27 9
520 619 130
521 116 620
522 350 621 126
523 9 11
524 116 13
525 622 624 623 625
526 9 11
527 361 627 626
528 628 603
529 212 9 27 11
530 629 198 27 555
531 357 27
532 633 361 631 632 630
533 116 13
534 27 634
535 27 122
536 10 9 27
537 11 9
538 27 143 118 19 11
539 541 43
540 532 635 29 636 616
541 638 35 13 637 14 43 480
542 37 444
543 13 116 578
544 640 27 639
545 13 347
546 642 641 9 11
547 347 518
548 50 643 196 13
549 361 11 31 30
550 13 9 575
551 521 644 627
552 30 309
553 27 11 13
554 11 504 9
555 442 645
556 27 229
557 229 9
558 646 194 107 193 13
559 604 603
560 562 295
561 11 647
562 9 30 13 27
563 27 9
564 19 322 472 295 648 29 213 20 355 297
565 9 11 27
566 516 515
567 27 338
568 344 209 13 338 469 461 649 27 30
569 9 353 10
570 9 27 263
571 116 11 650 309 229 143 651 9 601 129 567
572 12 11
573 229 652 309 107 11 27 9 13 603 12
574 315 393 13
575 269 13
576 578 13 194
577 635 43 532 9
578 532 29 295 11 635 541 127
579 29 213 11 295
580 29 295
581 344 653 27 302 316 428
582 463 654
583 623 622 624
584 12 87 655
585 338 27 357
586 142 263 285 497 116 117 632
587 627 12 229
588 107 78 500 77 155
589 27 302 229
590 361 30 28 17 594 234 13 211
591 13 142
592 657 656
593 12 122 9 568
594 130 255 658 27
595 263 11 13
596 659 14 30 661 50 13 525 660 10 662
597 662 525 659 664 663 50 13 660 10 14 30
598 9 13 665
599 27 211 338
600 667 27 666
601 116 561
602 669 435 9 668 229 11 438 37
603 9 13 30
604 29 670 297
605 11 229
606 344 27
607 9 27 344 567 460
608 27 13 315 9
609 29 671
610 27 9
611 578 222
612 11 229 672
613 229 11
614 11 9
615 9 229 130
616 229 130
617 11 229 9
618 10 9 229 11
619 295 29
620 498 13 83 30 9
621 27 9 11 30 87 129
622 386 545 425 462 171 4 674 673
623 119 601 263 324 27
624 544 543 542
625 116 13
626 361 9 27 643 675
627 27 357
628 391 336
629 27 229 347
630 27 30 142
631 516 347
632 103 327 122 31 676 677
633 116 13
634 11 12 9 171
635 269 103 11 9 234
636 229 27
637 678 229
638 122 11
639 30 679 13
640 393 30
641 680 27
642 9 681
643 263 11 107
644 142 30
645 337 208 567 27
646 13 194 682
647 11 9
648 683 431
649 29 130 566 143
650 13 27 208 31
651 684 246
652 9 11 13
653 27 357 344
654 229 27
655 363 29 297
656 29 297
657 27 9
658 9 685
659 9 27
660 11 9
661 403 548
662 688 690 686 689 687
663 9 11
664 302 27 30
665 77 347 27
666 465 309 641 691
667 693 107 9 692
668 27 604
669 27 11 195
670 603 604 130
671 516 11 515
672 103 11 122 12
673 653 27 143 344
674 107 27
675 431 27 344 694
676 12 4
677 27 653 695
678 27 567 208 696
679 196 402
680 29 368
681 27 143 551 255 519
682 4 9 27
683 27 171
684 127 128 130 27
685 263 128
686 561 11 263 196 697
687 9 11 481 647 13
688 402 107 295 526
689 27 229
690 299 309 30 103 173 11
691 11 9
692 9 27 556
693 9 698
694 263 9 117 116
695 699 261
696 261 699
697 607 285
698 297 9 344 29
699 363 370
700 25 370
701 9 145
702 700 143
703 210 27
704 701 9
705 27 10
706 702 27
707 27 702
708 13 222
709 13 87 575
710 556 295 9 297 87
711 29 30
712 485 29
713 9 13 27 229 30
714 11 700
715 77 499 208
716 297 11 29
717 29 297
718 29 297
719 29 297
720 29 297
721 347 29 297
722 297 11 29 9
723 9 29
724 297 29 402
725 29 402 297
726 29 347 297
727 297 29
728 297 29
729 29 11 9 297
730 29 297
731 297 29
732 29 402
733 297 29
734 297 29 9
735 29 297 11
736 9 297 29 11
737 297 29 9 11
738 29 297
739 19 297 29 703 9 27
740 297 9 29 11
741 29 199
742 518 17 28 7
743 347 263 11
744 29 297
745 297 29
746 347 29 297
747 297 402 29
748 297 29
749 29 297
750 29 297
751 704 246 386 387
752 387 386 704 705 246
753 297 29
754 29 9 11 297
755 297 29
756 29 297
757 402 29
758 297 29
759 297 29
760 29 297
761 9 11 402 29 297
762 29 347 11
763 297 29
764 297 29
765 297 347 29
766 297 29
767 29 297
768 29 297
769 29 297
770 29 297
771 297 29
772 297 11 29 9
773 297 29
774 29 297
775 11 29 297
776 297 29
777 347 297 29
778 29 11 9 297
779 11 297 9 29
780 297 29
781 297 29
782 29 297
783 297 29
784 29 9 11 297
785 297 347 29
786 297 29
787 11 297 29 9
788 29 213
789 297 29
790 9 29 297
791 29 11 297 9
792 297 29
793 297 29
794 29 347
795 29 347 297
796 297 29
797 706 707
798 263 9 12 518 10 229 30 708 13
799 29 199
800 122 27
801 29 297
802 297 29
803 29 199 297
804 29 297 199
805 29 297
806 347 29
807 29 297
808 297 29
809 347 11 29
810 11 29
811 297 11 29
812 316 116
813 11 13
814 431 27
815 195 709 107
816 29 297
817 29 347 27
818 29 347
819 29 297
820 29 11
821 29 11
822 11 27
823 11 13 710 43 9 19 532 107
824 9 314 711
825 29 297
826 29 347
827 222 107 11
828 9 556 347 27
829 297 29
830 29 297
831 29 297
832 29 410 130
833 297 29 9
834 173 418
835 712 87 263 418 9 11
836 21 370
837 643 500
838 713 29 297
839 482 9
840 622 19
841 4 30 143 603 116 9
842 211 30 302 714 9 229 10 27 118 11 525
843 13 117 196
844 27 715
845 27 344 31
846 717 349 13 499 716 107 155
847 13 718
848 263 27 719 11
849 173 546 511 107 11 550 590 31 116 197 222 720
850 198 518
851 10 27
852 9 721
853 724 723 314 315 722
854 607 9
855 118 607
856 30 607
857 725 27
858 11 27
859 142 727 145 11 393 726 309 30 116 500 658 130 13 270 27 107 255
860 103 344 31 519 357 431 347 173 27 211 338
861 116 546 13 728
862 391 27
863 255 142
864 30 11 729 27
865 195 77
866 195 222 116
867 731 732 733 730
868 269 30 734 590 173 196 498 37 9 10 116 229
869 327 601 127 4
870 194 669 9 11 193 13
871 10 9 532
872 735 29
873 29 735
874 736 195 11 13 107
875 107 347
876 737 27 344
877 229 27
878 196 14 13 50 107
879 403 255 738
880 13 27
881 434 588 13 714 229 37 438 116 739 269 83 9 443 30 14 439 498
882 740 347 9
883 534 10
884 347 244
885 27 130
886 309 743 14 30 130 257 567 742 229 497 349 83 196 12 27 222 116 741 107 13 11 698 10
887 744 745 676
888 9 13 527 528 525
889 309 596
890 4 462 674 12 171
891 208 27
892 229 347 173 27
893 9 27
894 347 439
895 76 116 107 285
896 30 43 663 11 211 659 13
897 463 9
898 746 198
899 9 87
900 13 116
901 9 157
902 13 255 11 87 9
903 747 281 529 309
904 27 11
905 11 27 263
906 198 199
907 349 499 309
908 11 9
909 9 711
910 309 556
911 229 27
912 27 229
913 263 27 11
914 403 309 347
915 31 13
916 30 31 27 11
917 29 297
918 11 173
919 157 748 87 229
920 302 27 344
921 754 752 11 753 750 30 257 309 726 312 37 9 454 751 749 525
922 28 755
923 27 255
924 756 27 9 532
925 234 312 9 758 30 757 401
926 27 14 13
927 759 642 498 309
928 107 347 403
929 761 27 760
930 263 12 9 229 116 28 518 463
931 762 29
932 29 764 763
933 746 539
934 11 13 309 103 173
935 173 550 31 270 107
936 27 346 498 81 83 171
937 13 27
938 9 27
939 765 766
940 27 9
941 14 30 11 10 229 9 562
942 27 208 173 13 567 31
943 463 27
944 9 27
945 208 768 767 27
946 9 27
947 11 145 30
948 9 27
949 769 759
950 428 27 344
951 263 30
952 27 9
953 770 27
954 263 27 142 13 344 9
955 771 27
956 578 9
957 9 13
958 681 754
959 603 601 772 130 27
960 773 556
961 774 669 9 714 229 11 10 13 269
962 27 10
963 347 27
964 27 246
965 27 9
966 11 27 9
967 10 714
968 27 357 556 43 431
969 263 11 344 27
970 29 297
971 29 297
972 297 29
973 297 29
974 297 29
975 297 29 9
976 30 482
977 775 12 269 270 712 550 347 31 9 11 173
978 714 10
979 344 27
980 11 195 27 9 679
981 347 305
982 27 741
983 263 27 556 173
984 27 30
985 9 17 518 12 11 28
986 13 116
987 344 316 27 263
988 13 27
989 9 27
990 173 450 429 344 197 27
991 263 13
992 196 116 13
993 27 31 130
994 229 776 29
995 312 263 234 173 31 195
996 30 777 309 314 117 87 13
997 9 27
998 27 9
999 29 297
1000 297 295 29
1001 9 255
1002 13 263 173
1003 416 11 9 117 13
1004 297 29
1005 29 297
1006 29 297
1007 29 297
1008 29 297
1009 297 29
1010 29 297
1011 297 29
1012 29 297
1013 29 297
1014 29 297
1015 29 297
1016 297 29
1017 14 13 43 11
1018 13 27
1019 9 27
1020 654 9 14 13
1021 297 347
1022 29 532
1023 297 29
1024 711 9
1025 778 464 29
1026 29 116
1027 27 127 208 779
1028 116 347 13
1029 759 642 257 12
1030 9 11 12 142 257
1031 142 27
1032 9 338
1033 107 312 9 263
1034 142 9 309
1035 116 416 13 222
1036 27 11
1037 127 780
1038 780 144
1039 700 9
1040 781 347
1041 29 9 297
1042 483 297 29
1043 29 297
1044 29 297
1045 297 29
1046 297 29
1047 297 29
1048 297 29
1049 297 29
1050 13 116
1051 297 429 27 567 229 31 13 344 143
1052 532 130 9 11 13 30
1053 551 142 782 519
1054 13 87 575
1055 9 116 783 30 13 107 27
1056 118 11 9
1057 77 145
1058 145 9
1059 29 11 9
1060 11 107
1061 784 556
1062 9 13 30 142
1063 532 9 11
1064 12 229
1065 27 519
1066 11 27
1067 641 11
1068 11 27
1069 27 431
1070 43 532 11
1071 785 11
1072 116 13 786
1073 787 27
1074 9 195
1075 551 9
1076 551 347
1077 27 741
1078 27 11
1079 117 285
1080 27 344
1081 741 27
1082 499 762 195 145
1083 43 756 532 27 11 338
1084 338 27
1085 300 642 759 788
1086 9 27
1087 107 116 13 117
1088 255 142
1089 27 11 9
1090 11 603
1091 789 790
1092 791 789
1093 9 27 11
1094 9 361 27
1095 229 11 792 9 27
1096 116 87 13 11
1097 103 173 118 107
1098 13 142 30 11 302 27
1099 9 532 43 635
1100 13 9 27 30
1101 551 519 600
1102 27 680
1103 9 627
1104 779 627 246
1105 246 627
1106 27 627
1107 117 116 9 11 222
1108 77 107
1109 794 793 402 77 177
1110 107 9
1111 27 9 142 30 741 13 130 229
1112 9 142 229 741 130 30 13 512
1113 13 30 9 229 130 741 338 142
1114 4 741 27 566
1115 173 13
1116 482 27
1117 229 27
1118 27 13
1119 270 361
1120 324 19
1121 324 9 791
1122 601 27
1123 748 11 43 795 87 9 726
1124 611 347
1125 349 103
1126 482 601 27
1127 429 550 403 27 302
1128 27 796
1129 9 11 229 726
1130 9 338 601 302 797 27 229 130
1131 107 9 30 13
1132 635 798 799
1133 171 4
1134 13 116
1135 13 30 309
1136 11 13
1137 694 27
1138 9 525
1139 402 800 295 29
1140 763 801 9 402 527 525
1141 31 30 173 309 195
1142 556 261
1143 347 244 9
1144 31 302 30 27 313
1145 9 229 27
1146 9 11 27
1147 9 13 11
1148 270 4
1149 9 13 30 27
1150 30 11 9 13 525
1151 802 525 30 27 9 708 600 11
1152 338 483 27
1153 309 357 27
1154 30 802 803 11 9 708 525 12 663 229 13 27
1155 31 27 173 605 107 155 103
1156 566 551
1157 804 335
1158 229 519
1159 137 173 19
1160 229 708 11 9 130 30 13 128
1161 11 87 9
1162 297 29
1163 488 27
1164 27 568
1165 30 314 107 177 13
1166 144 27
1167 29 347
1168 228 199
1169 347 199
1170 199 805
1171 368 199
1172 27 13
1173 27 173 103
1174 27 229
1175 551 806
1176 9 309
1177 309 9 142
1178 9 130 11 27 229
1179 27 30 11 87
1180 807 27
1181 680 27 482
1182 173 27 430
1183 27 11
1184 27 9 229
1185 347 13
1186 9 27
1187 512 27
1188 127 27
1189 27 808
1190 770 27
1191 27 809 532 635 118 43
1192 27 770
1193 27 770
1194 9 810
1195 145 195
1196 338 27
1197 483 27
1198 804 9
1199 811 309 246
1200 83 274 9 11
1201 27 13 208 31
1202 9 229 27 11
1203 314 9
1204 388 27 316 347 107 315
1205 27 9
1206 116 482 117
1207 116 13
1208 239 27
1209 526 173 11
1210 297 29
1211 29 297
1212 9 29
1213 9 29
1214 29 297
1215 29 297
1216 229 297
1217 297 29
1218 297 29
1219 429 338 27 246 554
1220 812 29
1221 347 29
1222 29 347 17
1223 29 297
1224 27 13
1225 9 27
1226 809 27
1227 145 809 118
1228 145 809
1229 13 813 116
1230 11 9 118 87
1231 11 29
1232 11 29
1233 13 11 107
1234 222 116
1235 429 431 741 428 27 197 270 9 316 338 11 556 512 302 146 255
1236 814 786 142
1237 155 107
1238 30 246
1239 116 222
1240 30 211 663 659 11
1241 9 11 30
1242 173 208 9 11
1243 12 27
1244 482 815
1245 27 13
1246 27 9
1247 224 816 9
1248 11 13 27
1249 9 566 27
1250 322 532 222 116 13
1251 27 676
1252 87 27
1253 9 27
1254 116 13 347
1255 11 27
1256 13 107
1257 107 814
1258 691 255
1259 11 9 87
1260 87 9
1261 30 13 9
1262 27 287 146
1263 9 27
1264 522 817
1265 27 269 9 13
1266 482 388 431 27 246
1267 127 9
1268 27 229
1269 30 211
1270 338 27
1271 30 11 9 818 498 116 819 13 12
1272 9 482 107
1273 9 429 13 27 229 30
1274 13 313
1275 347 820
1276 27 785
1277 255 525 434 9 14 801 608 619 13 30
1278 229 27
1279 347 11 30 28 211
1280 9 347
1281 255 347 9
1282 9 347
1283 556 27
1284 9 27 87
1285 338 512
1286 77 496
1287 9 27
1288 821 27
1289 13 208 27
1290 255 465
1291 534 822 9
1292 309 9 142
1293 601 27 13
1294 9 823 13 347 11
1295 11 429 27 9
1296 314 9
1297 9 823 498 525
1298 9 27
1299 119 27
1300 27 824
1301 9 43 27
1302 43 9
1303 11 27 130 9
1304 9 229 87 116 27
1305 31 27
1306 27 116 316 322
1307 27 30 338 211
1308 27 31 756 116 13 532 173 11 43 30 107
1309 825 30 316 11 741 13 130 27 142
1310 642 759
1311 29 347 297
1312 173 208 27 9 13 107 30 31
1313 11 9 823 322 117 13
1314 532 43
1315 11 173 498 43 826 31 30 13 708 532 211 9
1316 11 27
1317 27 748 9
1318 116 13
1319 827 130 601 596 606 566 27
1320 322 116 13
1321 31 316 828 27 11
1322 347 116
1323 9 29
1324 29 9
1325 9 29
1326 9 29
1327 642 453 27 759 818 594 255
1328 27 30
1329 27 9 309
1330 338 27 31 30 173
1331 11 9 12
1332 13 546 347 117 116
1333 30 13
1334 773 532 43
1335 27 130
1336 199 9
1337 829 199
1338 199 830
1339 831 199
1340 199 12
1341 199 832
1342 173 199
1343 199 347
1344 199 726
1345 199 144
1346 11 199
1347 199 833
1348 199 790
1349 834 199
1350 361 199 822
1351 117 116
1352 9 27 316 142 30 601 835 116 526 146 11
1353 555 27
1354 13 107 9 30 498 309
1355 836 27
1356 338 246 27
1357 27 9
1358 9 556
1359 9 27
1360 30 107
1361 107 30
1362 30 107
1363 107 11
1364 244 29 17
1365 29 11 9
1366 29 9
1367 27 9 130
1368 347 302 27 556
1369 142 9 27 566
1370 87 711 9
1371 9 347
1372 11 9
1373 13 142
1374 27 13
1375 107 349
1376 498 11 87 9
1377 27 31 302 393 550 30 142 482
1378 837 11
1379 9 525
1380 30 270
1381 430 27
1382 27 9
1383 244 347
1384 30 316 27 838
1385 116 13 600 11 546
1386 27 347 12 315 31 173 316
1387 418 9 263
1388 196 116 12 30 28 118 229 9 823 822 839 708 802
1389 9 525 823 116
1390 13 27 211 14 30 525 823 9
1391 9 30
1392 239 27
1393 9 27
1394 309 27
1395 27 196
1396 27 9 840
1397 9 525
1398 27 338
1399 107 309 532
1400 129 27
1401 27 487
1402 512 27
1403 130 11 27 338
1404 27 9
1405 429 556 27 338
1406 316 27 841
1407 9 27
1408 9 13
1409 309 12 9 14 116 839 361 13 819 803 708 726 11 30 749 173
1410 341 770 146 173
1411 309 347
1412 600 842
1413 27 694 302 843
1414 13 338 107 27
1415 9 525
1416 9 87 312
1417 347 11
1418 27 11
1419 11 4 12 27
1420 30 27
1421 27 341
1422 844 748
1423 27 107
1424 27 9 347
1425 309 788 27 550
1426 316 302 9
1427 13 9
1428 116 845
1429 116 117
1430 27 347
1431 773 27
1432 642 788
1433 11 708 9 525
1434 525 11 9 708
1435 819 708 12 11 846 803
1436 77 499 107
1437 27 13
1438 11 847
1439 525 848 9 30
1440 11 29
1441 9 29
1442 773 27
1443 347 244 773
1444 244 28
1445 9 711
1446 711 600
1447 849 343 850
1448 13 116 107 27
1449 13 741 142 316 601 9 302 27
1450 347 27
1451 107 77
1452 851 30
1453 9 347 30
1454 142 302 27 316
1455 711 9
1456 9 29
1457 285 498 13
1458 17 361
1459 347 9 27 793 429
1460 13 309
1461 27 338
1462 316 341
1463 116 27 43 173 9 819 316 31 30
1464 852 9
1465 853 27
1466 116 13 87
1467 27 9 309
1468 87 9
1469 87 255 27 9
1470 118 30 27 13 532
1471 27 30
1472 30 9 27
1473 347 76
1474 419 144 487 568 107
1475 498 30 9 13
1476 239 338 429 27 246 9 526 31 103 759 554 244 854 550 173
1477 103 27 302 142
1478 107 13 9
1479 268 27
1480 9 13
1481 534 9
1482 116 107 855 11 13
1483 27 9
1484 429 841 316 27 347
1485 532 142 43 556
1486 27 9
1487 9 30
1488 27 9
1489 347 27 11 302 9 30 338
1490 116 13 600 347
1491 498 13 856 30
1492 30 4 27
1493 770 27
1494 246 857
1495 27 13 30
1496 393 309 13
1497 566 118 30
1498 9 270
1499 77 349
1500 30 346
1501 30 196
1502 843 27 338
1503 27 741
1504 107 116
1505 525 9 255
1506 31 107 858
1507 859 27
1508 9 27
1509 30 860
1510 861 9
1511 103 31 257 862 9
1512 107 33 177 863 77 13
1513 429 27
1514 316 27
1515 11 9
1516 27 9
1517 13 116 371 142 347
1518 116 173 107 27 13 9
1519 813 27
1520 338 27
1521 347 27
1522 30 9
1523 13 117 116 27
1524 27 13
1525 9 27
1526 13 27
1527 13 27
1528 832 619
1529 860 30
1530 31 103 27 13 361
1531 28 27
1532 13 27
1533 865 127 107 349 864
1534 13 142 27 302
1535 27 9 316
1536 30 866 807 566 302
1537 347 9
1538 117 11 107 116 76 13
1539 27 867 43 794 316
1540 118 763
1541 429 27 13 30 173 338
1542 27 566
1543 868 107 9 30
1544 9 868
1545 338 27
1546 27 859
1547 30 482 9
1548 27 130
1549 869 816
1550 27 859
1551 556 347 9
1552 239 127
1553 142 315 13 14 708
1554 27 43
1555 343 313
1556 27 30
1557 13 870 30 27
1558 347 668 556
1559 871 9
1560 556 270 31
1561 200 265 873 13 199 874 872 211 875 198
1562 876 30 13 27
1563 255 13 641
1564 9 27
1565 142 13 347 116 173 27
1566 13 877 9
1567 9 27
1568 107 13 30 171 11
1569 27 30
1570 76 116
1571 27 429
1572 347 9 878
1573 556 9 347
1574 27 9
1575 879 880 882 87 881
1576 335 107
1577 349 499
1578 338 27 316
1579 9 107
1580 30 9 13 27
1581 498 116 30 11 9 13
1582 269 9 525
1583 883 525 9
1584 27 9
1585 13 14 116 27
1586 107 844 9
1587 76 556
1588 27 338
1589 27 9
1590 512 27 316
1591 27 4
1592 600 884
1593 608 498 9 794
1594 13 302 27 810 30
1595 11 885 886 600 118
1596 9 145 361 887
1597 142 30
1598 30 9
1599 314 30 9 142 498
1600 888 9
1601 861 27
1602 313 155
1603 43 9
1604 27 239
1605 525 30 9
1606 30 13
1607 30 9
1608 43 107 208 499 318
1609 270 338 31 107
1610 13 9
1611 142 9
1612 9 27
1613 556 9 793
1614 208 27
1615 763 118 826
1616 27 9
1617 889 600
1618 239 27
1619 269 29
1620 426 27
1621 498 13 11 30
1622 890 891 31 499 103 107 429 641 347 27
1623 313 146
1624 146 512 9 27
1625 116 13
1626 211 600 27
1627 532 4
1628 9 116
1629 600 107
1630 892 239 146 27
1631 30 13
1632 244 9 11
1633 335 107
1634 30 116 27 13
1635 11 708 30 43
1636 13 302 27
1637 14 30 893 107 142 13 498 11 726 9 27 894 641
1638 27 338
1639 302 429 142 601 13 807 14 27 211 896 130 316 208 31 895 550 30
1640 30 211
1641 27 302
1642 741 11 27 9 30 17 485
1643 146 27 236
1644 13 708
1645 269 498 9
1646 116 30
1647 107 13
1648 27 11
1649 27 566 130 208
1650 347 29
1651 27 11 9
1652 11 9
1653 9 11 488 144 487 568
1654 116 9
1655 9 118
1656 601 877 30 13 726 343
1657 897 663 211 30 898 659
1658 27 347
1659 27 130
1660 27 239 808
1661 11 899 901 885 900 14 285 894 842 726 9 831
1662 802 831 839 27 11 708 846
1663 9 27
1664 498 83 27
1665 11 13
1666 338 27
1667 11 116 709
1668 532 499
1669 13 338
1670 13 30 107 43 116 532
1671 347 196
1672 27 142 316 30
1673 13 902 28
1674 11 27 30
1675 27 239 338
1676 482 498
1677 13 668 347
1678 726 9 30
1679 27 601
1680 30 142
1681 338 27
1682 9 794 818 314 173 315 313 142 309 844 30
1683 13 116
1684 9 814
1685 142 27 903 338 302
1686 904 268
1687 9 30
1688 27 429
1689 371 905
1690 13 270
1691 560 314
1692 802 13 898 885 199 894 211 899 659 900 11 361 14 803 897 660 663 726 30
1693 316 302 27
1694 9 107 497 601 30 117 797 116 13 142
1695 107 77 532
1696 641 498
1697 30 600 11 659
1698 487 27
1699 116 13
1700 30 498
1701 315 908 906 173 907
1702 43 555 802 9 532 11
1703 107 909
1704 13 27
1705 270 302 13 27
1706 30 116
1707 496 107
1708 13 107 318
1709 736 77 107 27
1710 30 11 886 802 663 708
1711 642 27
1712 13 27 31
1713 270 27
1714 668 28 27
1715 27 910
1716 30 498
1717 27 302
1718 27 30
1719 27 9
1720 9 43 793 270
1721 741 302 27 316 13
1722 30 9 793
1723 239 911 13 27 30 808
1724 27 807
1725 807 27
1726 347 255
1727 31 27
1728 146 239
1729 912 31
1730 30 498
1731 13 30 560
1732 11 27
1733 27 429
1734 338 27
1735 13 107
1736 13 27
1737 740 30 9
1738 9 30
1739 913 886 11
1740 9 30
1741 27 257
1742 13 270
1743 118 419 110
1744 532 43
1745 429 316 27
1746 239 914
1747 30 27
1748 9 130 361 30 211 498 107 726 749 269 13 11 116
1749 239 915 27
1750 110 144 568
1751 107 13 116
1752 917 244 605 539 611 916 17
1753 13 116
1754 13 30
1755 498 9 918
1756 30 13
1757 77 107 13
1758 30 13 142 27 255 302
1759 27 30
1760 27 13
1761 13 30
1762 316 27
1763 43 27 11
1764 144 568 488 118
1765 13 27
1766 13 255
1767 27 107
1768 13 116
1769 9 116 434 349 30 13 498
1770 30 27
1771 27 808 316
1772 13 14
1773 741 601 27
1774 601 741 27
1775 27 116
1776 740 107
1777 808 27
1778 4 27
1779 43 532
1780 826 9 269
1781 130 27
1782 30 13 9 663 12 498 116
1783 9 12 30 663 13 498
1784 316 27
1785 27 107
1786 807 9 27
1787 866 9
1788 13 211 116
1789 130 27
1790 116 27
1791 811 919 532 13 793
1792 107 532
1793 498 9
1794 302 239
1795 239 27
1796 361 30
1797 759 27
1798 832 920
1799 208 27
1800 269 9 726
1801 116 211 13
1802 12 116 13 663 9 498 708 11 30
1803 9 27
1804 807 9
1805 285 27
1806 27 315
1807 27 512 316 302
1808 27 11 9 30
1809 11 498 12 9 30 726
1810 11 30 27
1811 9 498 116
1812 13 31 27
1813 736 30
1814 130 891 27
1815 27 30
1816 13 893
1817 349 107
1818 30 13
1819 30 13
1820 560 921
1821 30 43 13 532 116
1822 13 211
1823 13 619 434
1824 532 43
1825 12 498 726 116 269 13 127 9
1826 27 13 30
1827 107 13
1828 9 922
1829 27 13
1830 13 30 116
1831 27 13
1832 401 758 107
1833 43 532
1834 27 30
1835 316 27
1836 9 107
1837 107 349
1838 9 27 30 13 498 107
1839 11 27
1840 116 13 30 230 601
1841 27 30
1842 127 27 487
1843 13 601 532 924 923
1844 27 13
1845 13 9
1846 30 11 9 708
1847 27 750
1848 611 926 735 925
1849 349 107
1850 27 825
1851 927 9 244 450 17
1852 27 31
1853 886 30
1854 27 886
1855 11 30 9
1856 600 708 846 842 11
1857 928 708 31 77 270 891
1858 600 929
1859 902 239
1860 27 239
1861 866 239
1862 239 641
1863 239 11
1864 239 914
1865 9 788 498 642
1866 838 930
1867 838 27
1868 750 107 13
1869 208 107 27
1870 116 12 9 498 30 13
1871 498 769
1872 30 9
1873 27 316 758 532
1874 892 27
1875 532 349
1876 27 11
1877 393 13 532
1878 9 876
1879 107 27
1880 498 107
1881 30 116 13 270
1882 13 116
1883 600 30
1884 27 127
1885 27 13
1886 498 30 13 393
1887 887 27
1888 499 318 107 349
1889 891 30
1890 9 361 27 11
1891 116 117 13
1892 532 931 301
1893 31 499 77 641 107
1894 750 270
1895 107 13 27
1896 316 813 27
1897 27 13
1898 27 928
1899 27 568 144 487
1900 27 797
1901 11 30 13
1902 13 30
1903 932 107 349 318
1904 17 31 27
1905 498 318
1906 30 933 27 13 107
1907 27 316
1908 239 43 27 532
1909 763 43 532 800 798
1910 27 316
1911 27 9
1912 11 13 107
1913 43 27
1914 43 27
1915 27 316
1916 13 27 566
1917 870 239
1918 870 239
1919 902 239 870 934
1920 600 30
1921 239 316
1922 31 13 27
1923 270 27
1924 316 27
1925 77 107 11
1926 600 498
1927 600 116 11
1928 30 813 316 27
1929 27 316
1930 107 27
1931 107 349
1932 13 30
1933 31 13
1934 13 27 31
1935 107 255
1936 719 43 532 316 512
1937 270 31 532 107
1938 270 27 13
1939 30 27
1940 117 116
1941 27 31
1942 239 302 27
1943 316 27
1944 11 27
1945 230 107
1946 27 11
1947 935 9
1948 30 27
1949 107 30 13
1950 30 13 893
1951 27 17
1952 30 13
1953 239 936 316
1954 107 499
1955 13 107
1956 27 13
1957 30 318 13 641 498 107
1958 30 107 793
1959 30 13
1960 31 27
1961 866 393 566 13 30 239 601 741 27 316 937
1962 741 27
1963 316 239 30
1964 767 31 103 27
1965 315 30
1966 11 9
1967 532 107
1968 27 13
1969 13 30
1970 741 27
1971 393 601
1972 27 30
1973 795 107
1974 17 791
1975 791 27
1976 27 4
1977 27 302 316 30
1978 30 27 302
1979 285 27
1980 302 270
1981 27 13
1982 930 27
1983 532 43
1984 43 532
1985 13 938 30 27 107
1986 27 30
1987 239 683
1988 11 107 27 31
1989 239 11 127
1990 566 30
1991 600 532
1992 887 30
1993 566 17 419 27 11
1994 130 27
1995 30 27 285
1996 130 27
1997 27 600
1998 13 893
1999 27 239 30
2000 27 13 30
2001 30 887
2002 30 9
2003 929 498
2004 485 566
2005 853 27
2006 939 27
2007 130 316 866 127
2008 116 13 30
2009 27 107
2010 27 566
2011 30 107 17 361 13
2012 940 27
2013 30 27 940
2014 940 27
2015 27 940
2016 302 30 601 13 27 239 130 566
2017 30 393 27 937 897 103 211 43
2018 27 13
2019 27 127
2020 30 941
2021 9 27
2022 27 107
2023 13 30 107
2024 349 11
2025 13 318 107
2026 27 43
2027 887 767 27 13
2028 942 498
2029 498 9
2030 316 302 27 287
2031 11 30 9
2032 285 316 239 27
2033 937 13 30
2034 13 27 30 31 316 694
2035 27 13
2036 668 600
2037 27 13
2038 30 13
2039 107 27 13 566
2040 43 239
2041 107 349
2042 27 887 600
2043 30 107 13 498
2044 27 116
2045 27 694 866 144 487
2046 13 27
2047 532 600
2048 13 30 27
2049 27 30
2050 498 30
2051 534 30 13
2052 27 43
2053 450 11
2054 316 27
2055 43 393 270 27 11 107 142 30 13
2056 27 943
2057 30 27
2058 107 27
2059 4 27
2060 862 811
2061 30 27
2062 30 211
2063 107 30 13 117 116
2064 107 600 750
2065 30 27
2066 498 27
2067 30 826
2068 107 944 27
2069 30 27
2070 27 236
2071 13 532 30
2072 107 927 13
2073 30 11 13 659 199 434 211
2074 813 27
2075 498 107
2076 13 116
2077 27 945
2078 813 27
2079 13 27
2080 13 27
2081 27 895
2082 27 866
2083 27 11 30
2084 43 27
2085 118 419
2086 107 600
2087 4 27
2088 13 239
2089 866 316
2090 937 935
2091 31 302 13 27 30
2092 750 318 31 854 946 77
2093 854 77 31 750 946
2094 239 27
2095 107 30 13
2096 601 30
2097 27 30
2098 349 107
2099 27 887
2100 27 9
2101 11 116
2102 285 793
2103 316 947 419 767 27
2104 750 948
2105 27 11 107
2106 13 30
2107 361 27
2108 13 30
2109 935 27 30 897
2110 13 107
2111 11 829
2112 27 11
2113 13 27
2114 239 27
2115 11 27
2116 239 9
2117 13 116
2118 9 27
2119 27 17
2120 30 211
2121 759 642
2122 27 9
2123 27 31
2124 950 949
2125 694 27
2126 831 103 31 361
2127 116 107
2128 30 13
2129 951 763
2130 788 641 498
2131 239 914 27
2132 27 30
2133 890 27
2134 77 854 498 13 107 946
2135 566 27
2136 27 13
2137 13 27
2138 27 30
2139 27 13
2140 566 27
2141 11 27 947
2142 27 103 43 30 285 13 498 31
2143 30 600
2144 601 30 236
2145 199 11
2146 13 27
2147 27 30
2148 43 532
2149 27 13
2150 27 13
2151 27 13
2152 498 769
2153 27 316
2154 952 600
2155 107 829 118 43
2156 27 30 13
2157 767 27
2158 30 13
2159 897 811 793 532 393 318
2160 27 31
2161 77 9 499 11 107
2162 316 30 27
2163 107 13
2164 27 30 13
2165 487 144 611 118 498 31 925 568
2166 17 27
2167 127 27 239
2168 27 30
2169 30 27 316
2170 230 600
2171 230 116
2172 230 600 13
2173 107 116
2174 13 107
2175 107 27
2176 230 107
2177 118 270 13 31 27 741
2178 30 27 498
2179 27 30
2180 107 13
2181 27 601 767 107 797 30
2182 13 27
2183 43 532
2184 27 30
2185 30 27
2186 27 30
2187 107 349
2188 811 498
2189 27 361
2190 116 107 30 13
2191 30 866 107 13 498 4
2192 230 116
2193 813 30 27 566
2194 13 107 30
2195 27 13
2196 13 27
2197 13 27 30
2198 27 600
2199 107 27
2200 27 239
2201 30 27
2202 13 30
2203 107 349
2204 30 498 953
2205 798 43
2206 27 954
2207 30 27 600
2208 316 27
2209 239 27
2210 935 107
2211 316 30 27
2212 239 27
2213 30 498 854
2214 27 13
2215 107 27 813
2216 27 919
2217 859 27
2218 27 30
2219 937 30 13
2220 566 27
2221 30 600
2222 27 566
2223 27 31 107
2224 27 13
2225 30 27 316
2226 17 955
2227 107 30 116
2228 107 27
2229 27 566
2230 498 935
2231 27 316
2232 117 116 13 30 107
2233 918 498 30 107
2234 919 30
2235 27 813 30
2236 27 30 316 103
2237 30 866 811 566 239
2238 897 498 30
2239 498 30 239 641
2240 17 285
2241 601 27 30
2242 361 27 107
2243 27 103
2244 27 694
2245 694 27 866
2246 601 17
2247 107 27
2248 566 27
2249 30 895 27
2250 27 103
2251 498 793 30
2252 30 822
2253 27 30 498 316 107 895 118
2254 27 244
2255 27 568 487 144
2256 13 30 498
2257 498 454
2258 285 30 27
2259 13 30 27
2260 736 107
2261 899 30 659
2262 27 566
2263 27 895
2264 27 30
2265 127 27
2266 349 107
2267 27 107
2268 107 239
2269 144 27
2270 27 910
2271 30 498 107
2272 566 866
2273 604 27
2274 285 27
2275 866 30 27 498
2276 103 27
2277 27 947
2278 285 27
2279 27 285
2280 914 601
2281 498 27
2282 659 27
2283 30 498
2284 498 107
2285 512 239 27
2286 107 30 498
2287 107 498 30
2288 27 601
