27
9
13
11
30
107
29
116
297
347
31
229
498
316
43
142
302
12
532
130
173
309
10
338
87
211
344
239
117
263
600
199
601
118
122
566
14
17
103
255
525
708
4
208
270
349
143
246
361
556
28
196
222
726
77
741
295
402
499
7
19
127
198
315
144
244
269
318
357
518
568
641
663
793
25
145
146
157
171
285
429
550
21
83
194
195
393
431
487
512
659
866
37
126
160
212
257
268
312
314
450
482
519
567
50
155
234
627
823
18
128
151
197
313
343
371
419
428
430
434
497
603
642
694
759
813
895
23
69
119
176
193
200
209
213
236
261
272
370
378
386
460
500
526
575
605
635
711
714
750
767
788
797
803
808
822
854
886
887
893
20
76
85
90
110
158
177
191
287
305
306
322
341
346
353
355
368
379
387
403
418
438
439
454
463
488
527
539
546
551
554
555
