562
590
596
604
611
619
660
668
676
748
749
758
763
770
802
807
809
811
818
819
826
839
842
846
885
894
897
914
946
947
5
15
33
35
44
67
73
78
79
81
82
93
106
108
120
129
133
154
172
189
203
226
228
230
233
240
242
243
264
274
279
288
299
300
303
308
324
335
348
350
363
388
406
410
425
435
443
444
453
461
462
464
465
469
472
480
483
485
489
490
514
515
516
528
529
541
543
545
548
560
569
578
594
606
607
616
624
632
643
647
653
658
669
674
679
698
709
735
756
769
786
790
791
794
798
800
801
810
814
816
829
831
841
844
859
870
877
891
900
910
919
925
935
937
940
0
1
3
6
8
22
26
32
36
38
40
41
42
45
46
49
51
52
53
54
56
57
59
60
61
64
66
68
70
71
72
80
84
86
88
91
92
96
97
98
99
100
101
102
104
109
111
113
115
121
123
124
131
134
136
139
140
141
148
149
150
152
156
159
161
162
164
165
166
167
168
169
174
175
179
180
181
182
183
185
188
201
202
206
210
214
215
216
217
218
220
221
223
227
232
238
247
248
249
250
251
252
258
266
267
271
273
275
277
278
280
281
286
290
291
292
293
294
301
304
307
310
311
317
319
320
321
323
326
327
328
329
330
331
333
334
336
337
339
342
345
351
354
358
359
362
364
367
369
374
375
380
382
383
384
390
391
392
394
395
396
397
400
401
405
407
408
411
412
413
414
415
416
420
421
423
424
433
436
440
441
442
445
446
448
449
451
456
457
458
467
470
473
474
475
477
479
481
484
491
492
493
495
496
501
502
503
504
506
507
508
509
511
513
517
521
522
523
530
533
535
536
537
538
542
544
547
549
552
557
558
559
561
563
565
570
571
572
573
576
579
580
581
583
584
585
586
587
588
589
591
592
593
595
597
599
602
608
609
610
612
613
615
617
620
621
622
623
625
626
630
631
634
636
637
639
644
645
648
649
650
651
654
655
656
661
662
664
665
666
670
671
672
673
675
677
680
681
682
683
685
686
687
689
690
691
692
695
696
697
699
700
702
703
704
705
707
710
712
715
716
718
719
720
721
722
723
728
729
730
732
733
734
738
739
742
745
751
753
754
755
757
760
762
764
766
768
772
773
776
777
779
780
782
783
785
789
792
795
796
799
805
806
815
817
820
824
825
828
830
832
833
835
838
840
843
845
847
848
850
855
856
857
858
860
862
863
864
867
868
872
873
874
875
876
878
880
881
882
884
896
898
899
901
902
903
905
906
907
908
909
911
915
916
918
920
921
922
923
924
926
927
928
929
930
931
933
934
936
938
941
943
944
945
948
949
953
954
955
2
16
24
34
39
47
48
55
58
62
63
65
74
75
89
94
95
105
112
114
125
132
135
137
138
147
153
163
170
178
184
186
187
190
192
204
205
207
219
224
225
231
235
237
241
245
253
254
256
259
260
262
265
276
282
283
284
289
296
298
325
332
340
352
356
360
365
366
372
373
376
377
381
385
389
398
399
404
409
417
422
426
427
432
437
447
452
455
459
466
468
471
476
478
486
494
505
510
520
524
531
534
540
553
564
574
577
582
598
614
618
628
629
633
638
640
646
652
657
667
678
684
688
693
701
706
713
717
724
725
727
731
736
737
740
743
744
746
747
752
761
765
771
774
775
778
781
784
787
804
812
821
827
834
836
837
849
851
852
853
861
865
869
871
879
883
888
889
890
892
904
912
913
917
932
939
942
950
951
952
